Q1:
6, 7, 8, 9, 10, 11, 23
6, 7, 8, 9, 10, 11, 13, 14, 19
6, 7, 8, 9, 10, 11, 13, 14, 16, 17, 14 ... 19

Q2:
9, 10, 11, 12, 13, 14, end(23)
9, 10, 11, 12, 13, 14, 15, 16, 22, 16, 19, 21, 14, 23
9, 10, 11, 12, 13, 14, 15, 16, 17, 18, 19, 20, 21, 14, 23
9, 10, 11, 12, 13, 14, 15, 16, 22, 16, 17, 18, 19, 20, 21, 14, 23
9, 10, 11, 12, 13, 14, 15, 16, 22, 16, 17, 18, 19, 20, 21, 14, 15, 16, 19, 21, 14,23

Q3:
1, 2, 3, 4, 6, 8, 9, 11
1, 2, 3, 4, 5, 7, 4, 6, 8, 9, 11
1, 2, 3, 4, 5, 7, 4, 6, 8, 9, 10, 8, 9, 11

Q4:
10, 11, 12, 13, 15, 16
10, 11, 12, 13, 14, 2, 3, 5, 7, 8, 9, 15, 16
10, 11, 12, 13, 14, 2, 3, 5, 7, 8, 9, 13, 15, 16
10, 11, 12, 13, 14, 2, 3, 5, 7, 2, 8, 2, 3, 5, 7, 8, 9, 15, 16

Q5:
5, 6, 8, 9, 31
5, 6, 8, 9, 12, 13, 19, 21, 22, 28, 29, 9, 31
5, 6, 8, 9, 12, 13, 19, 21, 22, 24, 25, 26, 22, 28, 29, 31
5, 6, 8, 9, 12, 13, 15, 16, 13, 19, 21, 22, 28, 29, 9, 31
5, 6, 8, 9, 12, 13, 15, 16, 13, 19, 21, 22, 24, 25, 26, 22, 28, 29, 9, 31